33333333333333311111111111111111333333333333333333
33333333333333311111111111111111333333333333333333
33333333333333311111111111111111333333333333333333
33333333333333311111111111111111333333333333333333
33333333333333311111111111111111333333333333333333
33333333333333311111111111111111333333333333333333
33333333333333311111111111111111333333333333333333
33333333333333311111111111111111333333333333333333
33333333333333333333333333333333333333333333333333
33333333333333333333333333333333333333333333333333
33333333333333333333333333333333333333333333333333
33333333333333333333333333333333333333333333333333
33333333333333333333333333333333333333333333333333
33333333333333333333333333333333333333333333333333
33333333333333333333333333333333333333333333333333
33333333333333333333333333333333333333333333333333
33333333333333333333333333333333333333333333333333
33333333333333333333333333333333333333333333333333
33333333333333333333333333333333333333333333333333
33333333333333333333333333333333333333333333333333
33333333333333333333333333333333333333333333333333
33333333333333333333333333333333333333333333333333
33333333333333333333333333333333333333333333333333
33333333333333333333333333333333333333333333333333
